place(9.054, 1.000, -30.979, "Scout", 150)
place(15.457, 1.000, -32.625, "Scout", 150)
place(10.527, 1.000, -28.207, "Scout", 150)
place(15.976, 1.000, -29.665, "Scout", 150)
place(7.852, 1.000, -47.203, "Scout", 150)
place(14.651, 1.000, -49.191, "Scout", 150)
upgrade(14.651, 2.350, -49.191, 50)
upgrade(7.852, 2.350, -47.203, 50)
place(6.324, 1.000, -39.918, "Scout", 150)
upgrade(6.324, 2.350, -39.918, 50)
place(4.914, 1.000, -37.051, "Scout", 150)
upgrade(4.914, 2.350, -37.051, 50)
place(4.884, 1.000, -46.318, "Scout", 150)
upgrade(4.884, 2.350, -46.318, 50)
place(17.532, 1.000, -50.179, "Scout", 150)
upgrade(17.532, 2.350, -50.179, 50)
place(2.049, 1.000, -38.201, "Scout", 150)
upgrade(2.049, 2.350, -38.201, 50)
place(8.384, 1.000, -50.252, "Scout", 150)
place(4.747, 1.000, -49.390, "Scout", 150)
place(13.822, 1.000, -52.261, "Scout", 150)
upgrade(8.384, 2.350, -50.252, 50)
upgrade(4.747, 2.350, -49.390, 50)
upgrade(14.651, 2.350, -49.191, 200)
upgrade(7.852, 2.350, -47.203, 200)
upgrade(4.884, 2.350, -46.318, 200)
upgrade(17.532, 2.350, -50.179, 200)
upgrade(6.324, 2.350, -39.918, 200)
upgrade(4.914, 2.350, -37.051, 200)
upgrade(2.049, 2.350, -38.201, 200)
upgrade(8.384, 2.350, -50.252, 200)
upgrade(4.747, 2.350, -49.390, 200)
upgrade(13.822, 2.350, -52.261, 50)
upgrade(13.822, 2.350, -52.261, 200)
place(18.335, 1.000, -53.298, "Scout", 150)
upgrade(18.335, 2.350, -53.298, 50)
upgrade(18.335, 2.350, -53.298, 200)
upgrade(9.054, 2.350, -30.979, 50)
upgrade(9.054, 2.350, -30.979, 200)
upgrade(15.457, 2.350, -32.625, 50)
upgrade(15.457, 2.350, -32.625, 200)
upgrade(15.976, 2.350, -29.665, 50)
upgrade(15.976, 2.350, -29.665, 200)
upgrade(10.527, 2.350, -28.207, 50)
upgrade(10.527, 2.350, -28.207, 200)
place(2.523, 1.000, -35.229, "Scout", 150)
upgrade(2.523, 2.350, -35.229, 50)
upgrade(2.523, 2.350, -35.229, 200)
place(9.685, 1.000, -25.269, "Scout", 150)
upgrade(4.914, 2.350, -37.051, 950)
upgrade(6.324, 2.350, -39.918, 950)
upgrade(2.049, 2.350, -38.201, 950)
upgrade(2.523, 2.350, -35.229, 950)
upgrade(15.457, 2.350, -32.625, 950)
upgrade(9.054, 2.350, -30.979, 950)
place(1.765, 1.000, -46.584, "Commander", 850)
place(6.294, 1.000, -29.198, "Commander", 850)
place(21.468, 1.000, -52.926, "Commander", 850)
upgrade(21.468, 2.700, -52.926, 300)
upgrade(21.468, 2.700, -52.926, 2500)
upgrade(6.294, 2.700, -29.198, 300)
upgrade(6.294, 2.700, -29.198, 2500)
upgrade(1.765, 2.700, -46.584, 300)
upgrade(1.765, 2.700, -46.584, 2500)
CommanderAbility(6.294, 2.700, -29.198, 602)
upgrade(7.852, 2.350, -47.203, 950)
upgrade(4.884, 2.350, -46.318, 950)
CommanderAbility(1.765, 2.700, -46.584, 599)
CommanderAbility(21.468, 2.700, -52.926, 1549)
upgrade(14.651, 2.350, -49.191, 950)
upgrade(17.532, 2.350, -50.179, 950)
CommanderAbility(6.294, 2.700, -29.198, 1655)
upgrade(8.384, 2.350, -50.252, 950)
CommanderAbility(1.765, 2.700, -46.584, 540)
upgrade(4.747, 2.350, -49.390, 950)
upgrade(13.822, 2.350, -52.261, 950)
CommanderAbility(21.468, 2.700, -52.926, 2565)
upgrade(18.335, 2.350, -53.298, 950)
CommanderAbility(6.294, 2.700, -29.198, 3169)
upgrade(6.324, 2.350, -39.918, 2500)
CommanderAbility(1.765, 2.700, -46.584, 3830)
upgrade(4.914, 2.350, -37.051, 2500)
CommanderAbility(6.294, 2.700, -29.198, 5559)
upgrade(2.049, 2.350, -38.201, 2500)
upgrade(2.523, 2.350, -35.229, 2500)
CommanderAbility(1.765, 2.700, -46.584, 386)
CommanderAbility(21.468, 2.700, -52.926, 3469)
upgrade(9.054, 2.350, -30.979, 2500)
CommanderAbility(6.294, 2.700, -29.198, 4769)
upgrade(15.457, 2.350, -32.625, 2500)
CommanderAbility(1.765, 2.700, -46.584, 1852)
CommanderAbility(21.468, 2.700, -52.926, 9952)
upgrade(10.527, 2.350, -28.207, 950)
upgrade(15.976, 2.350, -29.665, 950)
upgrade(14.651, 2.350, -49.191, 2500)
upgrade(7.852, 2.350, -47.203, 2500)
CommanderAbility(6.294, 2.700, -29.198, 6802)
upgrade(10.527, 2.350, -28.207, 2500)
